$ANSIBLE_VAULT;1.1;AES256
39313465373335343332353830383238343139623935616537623137656631333765613865363630
3833623134303664383065376334663762356662383136330a303039363539663831313433656538
61363265306464373036356263383132343563643230646638613636306434356266623237373963
3361353637613130310a316365376638653665643837626266666139356232333137393431633937
65316666623136616365353963303332356435303630323564336239313338363032323261623463
33616330356531383032663732373535636535636562643335393831373164303139376261313832
65313936376130613535346162333633306337633565386164383736313732366338633430343830
61396438306663346431616136323539363439313762663730336239643532386561363232616461
63626232633961343966646261623064386631376565356561656632373761626565353538313663
37316638393039323332306562353834386664323635313433366234333438363431663863376539
66353132623236383566333839313561303936626437363638393036626535636133663765323737
37666630313964373630633464393964313739623661646533303630663531386365393339633431
65373134653466623333613635303564656565353533316466303661313766306439633137333861
32353631376664396334613237373936306235316431653863326333396530666335366135393836
65656138383530313035373765353636326364643065353034386435623763333861613232326537
64366235376665343935656135653065663231333733343635333864386138656562663530353734
62306165323464646132633239363663363064663362373962353964333835613064366635376361
38363761666332623063633633363661666533633065373962343965653030343063633961363533
36303631356531663136323266333332373664336661306638353133643734353431616536666636
39666664313234393633323334333165386339353966393665353334323865663238623934626136
31616537376634646337373864356337653631353935613432343036363136616433323038393236
35663731333032343436633661616436623961376133343239613637386163323335333730636462
63616139613166396437366237323866323635376233363834313665613962613164393961663930
35613765653837623233616137316561666431653465376162376233373263313230623865663761
37353361613039373238346431323631343332366635613361353064633066353938653038383530
66663866323330323833316334633531373938333062383434313434393132393261643661346465
66343635366663363161393761336364613436363739303962656661616664373932653138396565
34653039393334336336393532376366623936333230623263316164366239333136333266623336
32633864353962326236386361666563636364313161393032323537653362396533633336616331
34366330653532663238353361663165623166643139336234313131383937333132623036326334
30393935613930313234386637313962326664656435633038653032633865346665353737643635
34353738363033373532396666666230303534303637383236636130656439316665666230346336
65336361383861313262393834306637333738646162646630333938383561306362366532346637
35656132326533353031336266386334363530646634383364303339303465623034336665383435
63353638633063386162306636323438336431323734363133353364303362306165303738393838
35313635333463306461306563383236326563313931613864326262613233633630373664616136
32343333396264343966656662613232313236303461346235376564303239323231353639393931
30653861303861323934633138306264396564643532653864653438346235343634643333313433
39376435323138333235626238303463363163653538383338636434373639383431333132343139
64313139613062346531303236636561356234363265323735653436346264653831383931313031
38386439366531393864646633623162326661663334393962366565666366636434366435616638
34353562313436333237623132373433353464613365653762333736633961333865383630386132
34636236386236326362306564613961353438323135323635366332323563363037303665656439
31326238366232363133346264366632613534623461643333333066376335663830366264663639
33313333633135313866396366616165323261626335393630336665336433343061353838323165
34396531643866373935366361343936613261616166343931383362316461616636393264646561
66356461333839383431323162393532666564646232333631386565306464316331323264333938
31303731336566646535323438383663653338616538356263393538326636623831633165636630
34303462666433303137326331623339616364376266356366343362653435343363396366666437
64353461363964353662353264356664636365353464663065396536626663643861316665636431
33393930626336353863376338303465383662616232623239333838356630623739303935646465
39356435303262396165383465343365393264636162643865653536343232653538396239373465
32376432333630336164666632393832343538633337653864643537666439326665636363376135
66666336623339373662306134333735326332353366353738366436643733646533303863306364
63303537616138376435323631323633653936636137366538363161396533373966666562343431
39396163336634303330356661353932386662396265633835363539383165353439346561626531
39643932336161313264623136613761363062363931646533613535393464333264356638383764
32373332316335383033396632663839326164376666393834613439636564653431326335313631
65376233646530653238356431616630356461336464633965636639393939393733373064373132
34386663643731616363663630643864663732383837346331333534366265616236653033663864
38343333303162636666393462663736363437303366303963313134376631666263656535326437
37353139343031623833326530346230333037363666376634626432306263373435663737386362
33316133323132343561663937613038646662353233336432646230326336663235323337656265
63373237643331616334373464373064376362363564306461623330323233356536306436613764
65376463393531343639623465643864333738373436626364383065623333376164313132303163
63326639643964613534383564653063343564346431363235346534343362393236356637363738
61326132623037333566323135656330626434373636363864666266633466623239306332346239
34633838356338623637393364306132343932333961613666353561383937356535656664666362
34613062376233383534396138626661643036393438626466616362303965393834636230633237
30336633666662653630626163333738613136366365643933353561663738353062333538653162
32333830383361613333333439633739653362613239616161386362313138326536626334353036
30666661643239306463363531326533626366656563643066653461396532313437343332333033
63646665316664663839323166623035343563616464363430346639333062633535376165343461
34353439363265336133306138316235346531646135326665666630366634346461343630636665
38346366303535386534323834643234613261616639636562623130626533366538386130303438
35643763383332663364386365666661646565326638373733633333363934643736613764616636
39623432306132623537653538383536656136393834646331643937353433353464313163336634
33343932333433373931653339646638336332346264353135666662343665333230376366633138
63323337346464663066303935323037376661363631373433626531643737363963353662656166
63323438303734396234313633313337366163623765306363333462343865633135336230616435
36636263316263306561626238633635353430656139616235653531613638303064343537306134
63313261623762306563633634326536333364616261636633343362333434343661646665313663
36393135616238346434393735313865643837616330343635393737386535306332656162343463
64616233616664333963336638356533363437363666636161666534376338626262343734383331
32376564626464643130346636306164616665303261303334383733373433333865666136323932
32383234616365656534366262323037373830373133633964303330393133323865316563333464
31646638316539316263376433323731373839386531633666643163333366303332356562396632
62643032383232326230636564643633323339393431396234656530366430633235313563343161
64643336393538666538616530643666656136393834346534613732363261366263363031366437
36643862366530663139386163613164666466393236326632336633653566646236633266366638
65623938633737383138383937333233313563366434396635623665613530616361613461636331
63373431643439343162366234346165313335633064653932653530353862626138663631663461
63326166306539383835643166616565313231356266343532333735633161383835643633353561
33653131656639376333623030653436616133646238333232656237333966326530393631303339
34363562643632373364356261393466653564633562343737323432373536626263623133323461
34303638306562366363303063393036303936616433333866616262303732633439653037383663
35663461333438313866366263323062346266666165333638336233313363356430363862356163
37653961326462656433343030363836663163336437666237626433376530613531323439623864
31633965666661656131633964346137656364353735353039316138643066303938393534626364
64623438393737336433643337613564623032393264643730306336313738613637303132396562
33633833303661373434386334313364633734356637623532393339383562373836316435393936
66616463383136323862316531396664613637663865663037303137376539643162306633353834
37353163633036656537306334626231313339613562306133653736643563343735393239373963
66323138646332393864653665663438636662393735363462313666373335646562623764663533
35666161373264323837393165346533656437376639353464653138336261636138363136333862
30313037613238306239366466653639623864383837623439613432333134386336636438353863
66346365316130636662646435633064666432643632303666383536316233353035373662313435
36313632316435636431656536386330343765376438353961356563323336633539396465623432
30313663393431626131643265333739383433646365643230616230373763623861353937353230
65393635303932313935353861623735646333313164663234326565373865343136353031373736
64333966653239313262643237373634323331386363653566326366333136653533303136363864
31323934343264626264306130363365393565663639313739663665636237353839653433326466
66376135346436396139326562366334633932633136366138623739393262613435396466646532
33653232613030616138376661326139396636363633306361313935353565323937633461373439
38383661306437616538336462396432333963663061346161346431666332376462303534623132
37366537626462613033396362623165366437346336636339303164653638303361323363346664
38653864613264643130353764383131663766336565643236326533353339353230336563626335
65386531356664316235346633333332326432666164306136663130393037663661643231323361
33613362353861343262316364643336363936313033326539333930376463306433656263323264
32663233323135613639663761383961623332346561663031363532343536356165613063626530
64363337373264643661366533343435323633666130613431626437313663613535333836393562
32376265326334653032356362643763633137356134343634306564306439616461316633643265
34303365313438613139666663303337353533383639363230623635613937663032646262373465
33663035316230313934656432626530363737666436656235636363396533346237393365356464
65346637323961643561393964663361326531666636343764306137646163333361316534336666
64646661386138306563613861333462343537613232313336346539646433376264373937333737
33363334663838653762353238393764643561393163643732343963346566613432306235343164
36633033306463316632316632333462336664393031386465343565643833636530373231323039
35646639616566393139306230636233616631336530306665633331386531623339613036656564
36626566383336306233623038313863366135383433353037633137663963623962373765653438
64656136613466386532393136393635653739303531623266343064323661373762366636336165
35376334343032373432646139653235386363396630663731396533376633373832356636363363
66643336373636323333643761303766616263663634343532326131633132313864656230633465
35323439383962376239313361626166353532643364313661303134306466333332366332333734
66636264363266663765333564343730376433383465386266363337343031656166656237393930
33386162303336326561356133663333343231333466373865386261623364616330636336316639
34303666643637666661636336376462396364313131343863396265356133353432306636383964
62366436396238366530303266336637316665356465313964623364353631623763316132646237
36633734323732363939616137323266393264393261383031663933663835396462373161316236
38323634393133353765623963613436613237656531636436363062316135343937346366613534
37636466646436373834326164393861343639343135633038656264383637643036343665323738
31346432376636303731646265306635653430313165616138323732323932633937393765333162
63626231363436336262623535646465313966633766363664663135386162323730623431666437
30393161383137373963366263633133356462383766346137376163626464666136386363663630
64633532376631333837316233393334656238336465643265383738663833653233373830316635
61363732623533333161663365663964393663623265643037326566376433306636643861653530
66616264326635613661313836353734373038303738616662346262363166333761373239303064
35383766313132623039616138636262663136643335663866623831616162373635376566303566
66363163646330326535303561353834343130636534316361393730663132333165393464363739
62363635666532323266336663643538303533343764653637616563333937666131633065313037
30343039653162643161613364656564663830633833666233343933376238316463303636626162
38306164313636326465313462393464646337643565356438366537663966373534623136373431
66316435626330376162396665633437636263343963333366343663666138613737303961393834
61663730363635383564626130656137336361303939643031356438333166393831646630653263
36616533656161393237653638316666333932666239663535363236363461356530636131353836
39383561306139336166356637656137303433336437303465663336656462373335613036666466
39353934303131623939633132373766343661323932346236363636616236316364613462643332
39636531663035326333626334393536633435383036316536376664626363363939303062623463
66383636666266323164646263336334643964623666616463663038333434623638396563326131
61303439383764333039316337623636656166633166626164393130393038393831356161656232
33383663373238386536353830376336326363656537643364383337386536343238333836303833
39376130363031366164626636376566386261663836373266653533393734393237303532653537
66356466343162663931306662623462363330306163383833386563353361393130616631333561
30333530323866346361313733613263303734613438613461393533643236303066363764316266
39363766383963363461643931366637363930646662633234333866396663316537336537646264
64356264643265643638316166613366666466356133636532373932343065373033343062656132
35323531303639623831623338303233616663323531633538643564373635663762313866356539
30613434366533336161636533656665633633653236626534653131613561386239653564663737
62653437656434333061663838353535643032323465616534616639663066353336613231396632
61643732386631343866613338613037663866616663363839303963653130323264323466643061
33393938373638383564653763386633336433646265636138653430306632333435613232343264
34653732323139383637333730393031393734643634653064366534616635636630613038623165
36653339373038323930396665373663343136666339616231343534353433636530663763373530
32343439636264666531366630656139383332396362326263393066313339666261653562646566
37386464623364623030336533623932646362663237353331363737323261623861623932396133
35393731616334653630646336323566646365306432616535346139653361386332636230363931
65656635353862353939666666623736613561363064336364633763626139386261353933396439
33343263306562363666303432613535376666653933653536306565356664626136663464303863
65333432616162643433313637333364333464393162373533643433353862353734653431383030
32376466333035633766653730656336666166353364376164383966396631323734616137376539
33343636663265333266663164636665633561306563353562393364393362376662613864393437
64663338383831626633363638343339623436363064623131646536643866646133326164663462
65643333326563393636396162366133383366636161363536616363353438646366323331326537
63373636363030363532313137396335613561313232383239353434393663333938316132363765
38393966333465643862626339356132663065383334343231663832653866626338373563383961
38373339396134323338353131393236393131393738333230663432666139313762343764396166
38643665323463656366623762663130333737303038633430343161386439336631303864363935
61643566393864613036626537333630616531373761633665616639616233373037376337366336
66616639343165353530383766656534626435393537363665336235376530393134666164393362
61613738376365666663636661366464363732653732323638616464616439633633643762366264
65343238303563626533656130383334316366313862373065623866663662653937336134613966
31656439666230633665316331393930396139386463396361343462363139643232356661653932
34363236326330616631363732383138656131323833343931333761323761316430393963623732
38313266373431376465623363643831343564323166343663363730393630623861363134663730
30396435326338343038353666326431346632626330373166646666303830646137323262326662
39316535303537343633373866653764373535613263323566663561663130643235323138373965
64353130386661653936633037616562353033376565636665306432633334363739383163326663
37386262393964313130646339323633303332626439653962386335393062363939323464313164
37303535373135323563353663353563363539623963343436636465653234366433313961643333
66353661346166373866313535343330623338363237366637633833633230343164316461303038
32383032356664613463316432363161613939343830656630306638336166653163646338623164
32386239383865643434303763376637353834343766343763633239613730383063663562343265
31623466613930356332666635636263333238326535386366303632306263323337646335623537
39336636643831623738386535616337656236333561313033336331386566616631633534303134
36376431663735613032356337653965306539663531326236643136306564323130363061353539
37303164336230643132343536373638383064316236643264366436636363633564373236623166
34633263653135336334633231643333393066666338653633353337386366353237346464383637
65373866653334303839336465383935393730356130616231353465653433323362666163386530
32386432393564396133643939313832383337346363303638656533383962633637306437316530
33646462633734613263343631306238646536636264343137343637313436383965353836663634
65386638643531323535643633303531333362346166623264666630656532333039346237333832
32306662326261323137643462636237306130366131306337356638366438643362316135653835
34323064616162633039396562623637623766316535383661633436303563613038393136616636
30363931643134396234343237346530346339643637666537386532336334643130373865356638
33313862333537393239383234616632643634333130623835636265393935376337666331633432
35303032313337643535653663373661653761306336363232373531636535656430663164613339
35323864616461333464356630323966306166343963636632633365383836323439643261313434
62663930363830346364346334366163346231613432646462363065366635343636313635366331
32666366316466376661666161616232336435613134366265383837323437333834396539663761
33343139376464306266303862616632383030326633373164313631643536353030353131323534
63366538633666666662653565353737656565643632383065326438663138363032373132383766
63366431306239636339636365326164363032626337333562393438333034323762353139656161
63313836373965336137336331306361396338376332393037623639353138336561396635303732
64363861303331306236363730623565643165653861376134306635633934663835653565383533
65653733356335613335346238353833653835363734346633623734393634333237396563646662
34666466343434643266393237643063373066303561383762623539353736656661363032613534
35303437646532303131623266376430663861646261323637663535623831313637343732303363
39663236643432626363316231666465636437333532376561613364366536353234366133653261
31613964333262386138623261363938303636396466623064373437666161356237396366653061
65333962383237326335376365303766643136386434343735333865336336376663656135356436
65303730343832623264653232353861623166396638363163346331386662346233663665373930
36333766356262383035623337396565326161323230383635303362353139653330333135336535
66623936333431316235303232646566653161663463363463613932626339353235386435306130
33376561326533656333633239393830323136616431663038653466306533363937373136653534
30353862306230336438653936643666303161333137333066316236653566373930303064356266
35303732323436383537383737663132623032353937656636366539373237313732633232363738
32646639633736363834393031366334636632396163376264623939616564343934326164356239
32663838346135386163396339323139333035633164623766663461323030653039386533653161
62393638383662363835636565626265623562633337373931636438626331653438356562386161
33663334363638346538343961373730353334656332636536343733663939666562396635633566
39636139336438613165663630633563303963616238333364643938623764303431393365323634
36656234383533383634336435316461343762363233366363633436333861353030353038383339
62353831633637633437636536616530323362363135663335336338623037633330316234333137
32346133316337366561613735313063313938613835363735386563653831663463656662386136
63616361376633303535373539633665383336656165633638616232613933336235386536343331
31643835336232643561386332363961303233616230663264303933316635303935346162656662
34396638313366656637636564306334363433363633346265656332393330646238336534343965
65386435383535633230373935393561613137333231626533653231653234336130316634623139
34633266323534643865613939663432316165303561333866396436396234343737323039393836
37353565623066363130373861616430636337656364363836383039646634333463646463633066
65613061366462323664356666303934656235323130356164623065316134393632366633633462
65323930386534363162346335353138626530376135316664393930323166373132636564663231
38316264373061383731396130383234653939386262663566643134666431646162656531393936
64393763323764633538636466653561643862386235323663313965383966326136373430356438
63353532336162613834666335363437386161383766326135646136346664303130373737623137
35323838363136313230353230353635663931346130366162333464343933616465363662653930
36303061353265336464653932336238333764396436396465393765663334643266353034313761
38363834373732363961386638333232356130366562323738366632396261343532643861326336
31333964383165646436653531383832366235663964626437336264626534386161613433343131
35353663666533636330613232626364643632356161393335373464326333353165373866353163
66376538356331363933393136346364613231373664343666326632636566393836653032373561
36383464316639373238376163656563343066393964373733323663373032343131326438383830
30363539633639393561383230346630393637346235303633336166396636623534393364333266
32613639643231653833343134376233626635333233393364353265653932633738663632653632
39643061633032626434393634343835623731333461316632313465323631663135656137313562
37366464373662316532643763626234383862623134643362623534356362373663303730643466
36386634646436343235646436646238613437393937663739323661326465626561393565333463
37623831323938613065356639633033326365653534633830616562343439616562373765323439
62306530653230633233383663366439383966303665653766303633636664616364346535323135
37326136353865616564353062643833363933393132333864643534356137333133626235353961
65343866373566363363393664303333373236663832363231353039376433363066383235326132
31393833393433613731
