$ANSIBLE_VAULT;1.1;AES256
33613166336366313939313265383035366539323166323634643465343265323336613531363737
3333626131313230346661313635353537623830383365360a386163316132666430396632396566
65626636303239363262323237333465626437303162653638363730393035396333393938646130
6335363936386563610a396163626234663363646435383238356338373938393033326333366236
36663932623662313861326362616565643064396661333233666134363137383363313263326332
30396337353961333062623936643035616133333936366136383230666632313866393763366130
30363332373266666537333236373866306563323462373662663666666239666333643039353839
31326134326464636562316636373562336535623965373062323665373462616362623662613133
66323062646464396166643565613864323238636239323937363464343034656561373335326536
31653662363562666365343032623438663163623632643763343835323331663232643639333562
33313532373334613130396333633533396637393937323031333965396536616365326131653764
38613366633837623631396437663062383037613837376665616434666338666532646562393539
64626466376639383466323464376266396665393731376663616464386431333236636434643133
39616538336232353436613566386630306130653163613139656264393265623362306264643561
37353861343862636166323264383333633964376665393662373839346333306239313534643766
64636564323135333666363338343135396335346338366436663932653965326234313633373230
65343365626233326134633733643331376661333866333534376333336364663362663166623533
62386239643763336333633830666533616531663830646364396361653639373235336439613465
623338656164333037616232323661386262
