$ANSIBLE_VAULT;1.1;AES256
61656164366361323462633239633133356630393363343730613231373931663937643534393338
6532313862343737636337333931653238393934353663360a666439376437343938343630393161
36613464336236356235333861306263323235646136356634366639613431363766346263643933
3232376436613838390a353563323936613335393462353364663462666530353134343730306538
64383461333330643630356331383432353936656634633836393861613930663832386662656362
65386239316666306364643563393936646239616231636238653138396438326135316665373936
32623833333166336566643039623137353736386430623463343430656564383866666630373765
39343736313134326136356561653438366433326463303963366630663438343866393033363431
34363261666563323866303133353134666463313861656235323232303532313765313538346133
64323962393436663534346565323464613433616530666531633739366331666432323839623439
63646232393361386633666238643133643462613732373866343861623461333334356238663137
38633832623062396536313936646138313831393535643537623531333865356435373631643037
31383061303066383231613636653033313666383661386239626466356230333161653439643862
32373262396533353032633266666637663031663936366132616338346131393966313737383662
33353038323438616538343462326131376631613966313430356563386235653961323533333863
34626233313162613539366232373332613433343832313632303330313239373331366266646133
63303936643066366466386538313136663139393064396534353466383937313764363565346233
3034613031623466656439316234346266323163333230626236
