$ANSIBLE_VAULT;1.1;AES256
34623864343261306365323966353039633165363665653163636338663735366161383536306236
6435313536616538623736623665333734343962383236300a386362653663303637663236373939
36383936316235636161313865653761626130373465623333303031363331386262356362366666
6562323534626630320a663332383861353235306263343864376633336533303062313037333461
39373631323838356330613035653864346338316533303061666235316439303035313630346466
36306664626364656161626364646134393563306638393833636461653230396465653461333166
62386239646463393731316166653238386630396331636433646134333131393937326531303939
38303133363236323464386333313835313938393833643231343839383661646438623036623835
61653663653135353239336131613936373633306137373165356165326430313930383466313832
30376362613863663464636263326137323431373836366534383230346139393635363534393861
33386264396137643863306462306538613331326430666536616365313233383034333763303865
35383332613164353662383739373063326637343262626366356531633832656664316637646139
65376439613538633231666232653265333139383765613464376463653637366239393336346361
62336138306332353062313836333235663730306334323939386331643435626261323237313666
38633365326333366664633234336339663462616263333665613861623437346261386266363332
35616632373435643932306433393833633635633739396664313266323437383636393965633637
34333665323062356337373438363264633764313038303133663039663734303862653737313136
36373530346264653233326462396634656633366539653739306363653737353063366132616232
34613234393462373562356564656465626362633564343364303635306135663232303634373137
62653634336339393864383031666466616137356131613732393639316638346336633264373565
65373332383965363735313832346364346332376565393166663132643066323237663234323834
65633463333833356261636462323531666264333235653832356365653964613835666165656532
36663631623065646461396264353366316532653132636662366133646235653362343331646333
66623661633233313131643031613039633138396633346539636431373361633133623639336262
66623065626566333535623132353531346463333263366231663262376162343866
