$ANSIBLE_VAULT;1.1;AES256
35663566303965353230393663646135303838653637356630356134326639363965356436653830
3662633963313830326161653330646438636466366633390a343061393037303635373361613962
66393864346633313964356434363037353632316266306431616535303632393337636536323934
3134643634306161370a306564363736613464386163656461343431646630313931623539306531
34323964326564646537653835386536376263663864363964653731313963666531643938393536
37613265386462383662636662653662316232653530663166313331313635653964313638616134
64633862323032333365343935383036643931366164353934313034366339386330313636623135
33313431643363623438336463663036663763656432663639393832346230613563653165383635
37353937303230626166626230613263353637303439393339306365343366333362356366356461
32633066616332666465663732633534376135663530343766643461356235373535363631306461
38373865373563313962636537666136396461366130323335396634616233653836396139623638
34373230316661316537306563636334363864333831366461396663663533383937393136326539
36306464653238386365303165613663633538303538396334376435653765303165656161383064
35306235333834636362393330643665333630306561666239313762623937316634333538306433
65303835346132336336363038666432333166316262663363626339643366333062616166343735
31623662366665363265613831313237656165623534313037363536356237323235333864356634
36363539653636643165663065346134316133343836393834666234393338343634376335666439
31343430383738356134336663386231376436636436353837633234636335663733623737663334
30373866616161643838303837383230363130373265343464363838666230333430613937346439
38633563393637626530656430393361666663356233313431633062663039653138343566653862
36356437333365323865313630383239363062383935613864353463383565653734663838373638
32306637653064323333643863323762393430313565626536393037363966646561396663623866
38616563303032636235663131643463376562346464313535346461343036333866376138333433
35383034313531313138376537663231366132663437633134366266643838383532336230643764
36623139353732346466373663336536663033633064336265336639663238303535343633613930
3161646362663065336437313066313938303832386132623166
