$ANSIBLE_VAULT;1.1;AES256
32623663613836313839313963656130663830636238343566383766316131323431636532343039
6631393839326137656661333338616234376263303335360a383231336539636265363735343337
66666133373738643739313736623263366262303666386134353531386163653334663465336333
6265386264366434390a666463373863366333653263663837623866613061323839383862373831
38393930316639373839313361393566343734383763326362656364646135623536333765386333
34613131616432316366616162623962643731313336313062656235363931343034356433623630
38306337613930653237656161646436333438623761303061613962633061343630363366626365
37376366626636383438643232626266333161653864663464666462656335326632663962663361
38383730306130626164366664633038313265646338373564313330313032353565363166633061
65616138636338653332363134623830353131656365633765343033303266393931326661653630
63363366356238383937343134316261633165623763333861393136356136396331636366626464
31613965613466353063663562626364366666633661616639323031313732386435636364356262
65643162356365303266633431353834303931663535626637373836363635653731623963346562
36333036396561656133373865653361306331656565666331306439653933663338393037333837
32623439343531663438383066653561643662313961386566303935323936663432646465663139
38643666613462383633393531633861313539396563363539313966653636353332373231646634
37363563643464373836323830326665646138356463303135623136396163316166633437656462
34663035353338623264303861626632656337666631643339313832386166353932363566353339
31386364346563626339663863306234653236336336323366636130366664353833313439356439
32356564383533643964303231373264313266623533333633613664363134343131363233353162
30653961643263323564636463613334373031343966653237666562373461326366316537353933
32653366666232326630383035613934613339323831613361306265646366336163656133313838
34306231336539333431653530633664613666383938616663303836393437626161383933323363
34666166626337376461393131336462323637396332386161646237356232323635643035313332
30376464653339633265356561636561356434303565376637353232343664306562343038633564
6564653962643665343164633261626332356164346362643330
