$ANSIBLE_VAULT;1.1;AES256
34376235383436353231343930643434656334396361313332393461663963616337623132333565
3461313738646635663761356161653064326262653331650a626364623839323732383233373036
65613462336261383465356265366134313036316562313464653038376538633638396631393366
3735393763656632390a303062653233363162643463316566336237323936666161376431353865
39306564356234636266623139646334333533376135336131316434393236353830396161633864
30643563383830386132623839656638386266396466633536643539616131646165313932633861
32366261393762643936353333316664636238626439623338323839383263316635656632393437
64613634613138343039383731666435653237386261363261316532313039303766313531656265
64313239323864646630663630343438373932373461363266336437633462663434623762303937
37633066666331653664663830643735396263383464386261383235353164333064376133613161
35356264356265646565613431623434306166323363623265623438633864366234623636346233
33366534303830386563336235306463623363656363373861373566356665336437313437326561
64366637303464343032343237636137323861643361653162623462373638306532616338616133
32363831333062343835633961363433363031346465653638333866376535386636666162333132
39663238636466643435613033356136663062623437366565393765616338623763656539623266
31386265626634366532643539343166383236626539643131376537646466366230333864646363
66373337306432303865613464653337643831623532653437663633313030323936313962333163
33626639313064623539396361646132626162663166623466353362393139363630323866366439
38643630663563633064373663656234616539346630313838303636343461343933656431363635
30336639383830386264623033373339656336323365633836626361316630663430313939643963
34613831326430303238336533363330376264393838363337323338303766396537313938316165
64663331376464326537336335373433353965666434303566643031663833396231356635616337
34363536326532383466336536613865666539666135303832626332336133353730386437623234
39316263373139343939313366333731626231333339306462386334333063633230646432393130
38653837343435376239336239626236353234313535663238616539333964626235653065323930
38616162383266356637356663373663653939636438613339666331356535623732633366336535
61333034643134666530373039323662666636396139613138626536393865636564363264653238
38663033663065656633306162373538643564653635346366333732306266356262373234396530
34386431363030313130326363633332303238393130363730343834666666656139363337373037
36356234653063363038633139666566343334666466353437316164643365323938616333383939
61646263353939323331326538643533353731316262353166623438303235393131613063633065
34653836396434663231373339343333373163633161343263363464366162316161333734356135
63366265363630313138346337366134383039363661366262643438646633643139653630616465
33393465613234663230613034303738303439356261363764613362386463666238646464343537
61313937343837626362613434316430636162356631303831623261343566343939336130626162
31356434326164393766343235393764376231393832346433336134383662313663663230336230
34613031303430336336383335386230613436373765343732356532303933623535616437316630
36663865303237633262616435326133663837383636333731316266633738623465316239333262
34646338313434343735643839383232613131366238373535333839373465393439373833653633
34643261663234373137666337653138326465353639333164646430323732366237393431363737
39343434346364326362653031326130303736386232313339626461366438363365396435356261
64666162346561363134343832373233316564383332376332303362383538613232373134626562
64333935346561303832313030373465346265623764306334353561653964376664316363393232
32396436343933396530316364623366663931666462636565373138366536656462613731316161
39646165623761636531393962353766343065633035326261306563316364306466666163383835
34323962396436386134316332363063613836616434343932363531313565396561323266653862
31643639653136633933386430363061346431356265363063396563343139613336366636663564
39303961396662326130346566336365393134323566323234646364333337376366353964323230
37363535396136636265393031383161653136643863363962343738333237313431386164393662
65376663333131326238316431363934356633663361386630633936353535363534313339663063
61616634326131386164633534616535316564396364306538636563383830346336323633643132
38363835366531386236656161343530373030336661623064633834373139613165333962343465
64653533333735646463383433376438663538343032393963313332646531333563313333653937
30316631646264636237363537653563643064393862643065343032313335393935373861326664
36393138393539613565306538653339663131333762363834666139643732383562643539343139
36346431313062346561386439363265323032393365346134363436613331363831353730623836
64663635663735363965626261316263633838303139356364393531346466396465636334343835
62643635383666383038653636643432643861306564323365363066376231326536303034376465
36383839396339346435626233313431653234336365636461623864386539663938616163346132
31333164383764633762653534646238666530653333366534326564396335303664643236336134
66393339353035303932326365383135353433333136303633346561386539396365663766303137
30353538313563313636616462623830326234633339386138393539393930653234303865646635
34653432623131646666303130353932393363353763633734343963366463356535353961613938
62633532313262616365633363343065313361383739663731306162653139653833623662363032
38326334643637396637396138353830653565666566313438386364643537383733633364393465
35623432643664393562663338353366313061663932316231326566646536666335666636396466
62306665313330613432373865653034363361376138653037333135656337373338346433333732
61336435376164383962613938656531303264306466386263333262306465336330313531316537
34373065383063316331323236366164363136653030396539663738613061363930363032306137
37306130666236643335326431383930303739363664616638633034653531653239316363383263
61326338376231396437306664643630376462363834333364306630633134336464643764366135
36643164386438383530656262333837636365323661376531623861663065396561366633323134
36623031646137393839313937633037393037393364376131393536353432633562346362373638
66323666316236303261323965663531346532343535323664336335366165303462333662366163
38396163343364333631376430616466616666326239323333363139373738373561363233636239
37666465633739636430653764363032323235633962656234356665386639626364626633356562
35333433623830613636316531333937336436633065346639396132653665333636663135393236
39363433306536306138623263336434373037336435633932373030616461663166653538666361
38653037333932356637376261373239366433633662336135326166393065343235383563396465
37333133353537323034353034333930376664653666353635323531626461303938316561663837
35613836313563363934643337653533653531313931353530353334353763326265313761383430
30356439353333373663366339393763396565616137633034353532666234343939626365386365
36363338386162356533323562326262313434333230643838393235353035396431343130353466
66373132653135316266373136623035653730326438333564346638333337643635613331366662
63613664303764633734623937353837316163356439386166323538363064633532383664653437
31326166303564323066656362633431393834316663386139326235656634393762633233366330
36653933613463653964333735376433353763613761373639663464636661303463613736313537
37306339626432663733313065336233333961643639303735353330646234333838613164313764
32303861663761376639353064393865613264376533363433323731663139653964663134303330
61366532643061633063633162643562373764303731653134386665653965616166303862346265
36376565356339366632613937356533653734306530643962383439373036383030306531376434
32353364643966323436376264383231393431613933663937353638343063343765636562383662
30386631643036393633613061626233393933306534636161353234323039303232643030343364
34623739633662623638306136313932383166633432363162633735383463616539623031313131
38326331346665306339616630343661316639393561653630653734363165636461393334386437
65336131343865343331326133626461396531306337333238313064353238363938326432613164
31326335653735353931306162653262363836366338356364653535336261626364386237633264
30616361323538306465346465313636613633343464643339383261393736306335396435326665
35666464643263376462333535356466393862666335626438663237383932343963613139643232
37633836656530353237613537323864636630636565363433313962306562323062616237653763
30633930666665653339346163656235663636346133393033316161363064306465643262386532
31326365383865643234316432653361666234626237396231623032646264393534643231343537
64323061646531653537346164303764616135653437306536373636396232636562653461623138
37623130666639643366303335633031613961663033633566633365643031333833343061383864
63336534373230376532363937653063313939656630333763346264663063633338303738336166
32626362623062353565326263376330653238626132616564616463386466363436326132626466
37663231376436326335623931373438623562396635353161306233326436653936323531333764
65393933313331326530356263636265656436303435663431333533643934653038383262313730
38313962303031653561386364363033386531323933343362363132663637393565613965323635
66353965666236626335363435363162383434363637376233653630363261303332336361336439
34396330353865656132656135316661363534663933393737336339313139356639396237323336
34376337323539363335376637376332366232373332396662636637646333646361383332666265
63363833326563653436343362323833623037343033383962623066363730373434343734393865
37313331386664633039353366366566643235393761383139376337326634616538306436613239
39623363313161663239306138656663653639656234326438303764616631373534303731396435
61326232646433343765346632316534656138656237623361343731306363666137613937623134
32623662663165303264626538623663303638623265353837366432306261383863363631393239
33396364346236323132383235313566316434643535303931373938353065663134333835386465
62623038376364333632616535653666336634386561323265656365613731623431396135613239
61376338313631333833653061613266616231653138393734656566353139396464353234363565
62323762656662666232633661656366363864656436393462373136663332396539636164666339
35313436623661393731343365616130323834393538393861376232653863376462643462323161
65363337316565393063323636373335656633613162346535396539346538336431323065623936
34383865333933386437356436343363376630356237303730346634323538613138666433313132
66613938313834363434376534303135373738646230613431313438396630313136306266643030
39306132383965386563313236626162383736616232623935636633323232303164373730366166
34356235326434336335323438386138396232333431396362376636623133376162356533353361
31366266396531366339646364343132363234393066313162663664316236623534666166616437
34643235343431333637386661353763393966653438346436323736663762393961393261643231
38623362613635623364653233336633376235343365623163636233396263373664313637396263
33326665383035663133623265353537646235313365663636636331616332636166393862353330
62353039626561656164363231653365616334626233363936616537323733316138343961656237
65653132306366306362386238653464646162393262613866323934323764393362366164663665
30653430373661653931393161626261613432666633376139303034303739376361653438636531
65343961363966613630313963653031323430643930313632646333303262336536336334306138
34306363386237393462
